20
0 0 0 1 0 0 0 2 0 0 6 0 3 0 5 0 0 2 0 0
0 0 0 0 4 0 4 0 0 0 0 4 0 0 0 0 0 0 0 0
0 0 0 7 0 10 0 0 0 0 0 0 0 0 0 0 0 0 5 0
2 0 0 0 0 0 9 7 0 0 0 0 8 0 0 0 5 0 9 0
0 0 0 5 0 0 0 4 0 0 9 0 0 1 0 0 0 0 0 3
0 4 0 3 0 0 7 8 9 0 6 0 3 3 8 0 10 0 4 0
1 0 0 0 0 0 0 0 0 0 0 0 0 0 0 0 0 0 0 0
0 0 7 0 0 2 0 0 10 0 0 0 8 0 0 0 10 8 1 0
9 9 0 8 0 3 0 8 0 0 0 0 0 7 4 0 0 2 6 0
0 0 0 0 0 0 0 8 0 0 6 9 0 0 7 0 0 0 0 0
0 0 0 0 0 0 0 0 0 0 0 0 0 3 0 0 0 0 2 0
0 0 0 6 0 0 0 0 0 0 0 0 0 0 0 0 1 0 0 0
9 0 10 0 0 0 0 0 0 0 0 0 0 0 0 0 0 0 4 0
0 4 0 0 0 0 9 0 0 0 0 6 10 0 0 3 0 0 0 0
0 0 0 0 0 0 0 0 0 0 4 0 10 0 0 0 0 3 1 0
0 0 0 0 0 0 0 3 0 9 6 0 4 9 0 0 0 0 0 0
1 4 0 0 10 6 0 0 0 8 0 5 0 7 0 0 0 4 0 0
0 0 5 0 0 0 0 0 0 0 4 10 0 0 0 0 0 0 0 0
0 0 1 0 0 1 4 0 1 0 2 5 9 0 0 0 1 6 0 2
0 0 9 9 0 0 0 0 0 0 0 2 4 5 0 0 0 7 4 0
